1111111111	0000000001	0000000000	10000	
1000000221	0000000010	0000000000	01000
1000000221	0000000100	0000000000	01000
1000000001	0000000100	0000000000	01000
1000000001	0000001000	0000010001	11110
1000000001	0000001000	0000010000	03310
1000000001	0000010000	0000010000	03310
1000000001	0000010000	0000010000	00010
1100111111	0000100000	0000010000	00010
0000010000	0000100000	0000110000	00010

0000010000	0000100000	0000111111	11110	
0000010000	0000100000	0000100000	00000
0000001000	0000010000	0000010000	00000
0000000110	0001110000	0000010000	00000
0000000001	1110000000	0000001000	00000
0000000000	0000000000	0000001001	11100
1000000000	0000000000	0000010001	66100
1000000000	0000000000	0000010001	66100
1000000000	0000000000	0000100001	00100
0100000000	0000000000	0000010001	00100

0011000000	0000000000	0000000117	00100	
0000100000	0000000000	0000000000	70100
0000011100	0000000000	0000000000	01000
0000000011	1100000000	0000000000	00100
0111111000	0100000000	1000000000	00100
0100001000	0100000001	0111000000	00100
0100551000	1000000010	0000100000	00010
0100551000	1000000100	0000010000	00010
0100001000	1000000100	0000010000	00010
1100111111	0000001001	1111110000	00010

1000000000	0000001001	4400010000	00010	
1000000000	0000001001	4400000000	00100
1000000000	0000010001	0000000000	00100
0100000000	0000010001	0000000000	00100
0010000000	0000100001	1111111111	01000
